.Random.seed <-
c(403L, 10L, -1725716976L, 110712302L, -366327399L, 905135659L, 
-2037068006L, 1144690140L, 828160991L, -311620683L, 1213101388L, 
351191970L, 1334455037L, 387175415L, 1477111070L, -212103208L, 
-1517354693L, -537667879L, -1687074200L, -125002858L, 2056552209L, 
-1610487613L, -1827948334L, 684014948L, 760742055L, 453858813L, 
1191905268L, -355626790L, 386802213L, 1972649791L, 101829830L, 
-1466302128L, 520966515L, 362339217L, 2082885056L, -751630434L, 
1371887977L, 1738652059L, 1061883050L, 1980439244L, 1012966287L, 
-415983675L, 1033132924L, -604118062L, 346256205L, -111971833L, 
985666030L, -808702776L, -1214815285L, 265954857L, 1076014200L, 
-679712346L, 1980238785L, 1339033683L, -1278255358L, 670845492L, 
2063605687L, -1240588371L, 2110323908L, -1122635542L, -1279858859L, 
617953519L, -964841738L, -1104831968L, 952635363L, 320627841L, 
627503856L, 77388174L, -858360071L, -175569781L, -1598067526L, 
-989026372L, 479843583L, -1510000555L, 741657452L, 1855628226L, 
-2124733411L, 1528222871L, -765074946L, 1888821688L, -1417089637L, 
1469428729L, -677545144L, 1957942902L, 1333317553L, 683930083L, 
-2112162126L, -1208972540L, 1151039559L, 2061070109L, 1220392340L, 
-1039197894L, 1690912133L, 1927056991L, 231774438L, -368501904L, 
-1130120045L, 247474481L, -498995232L, 141939838L, -1846028535L, 
1300175163L, 1782676746L, 1262941420L, -2056625809L, 1333520037L, 
-2078164900L, 122294322L, -1220196563L, 655820263L, -702613234L, 
2071584488L, 1946284267L, -51809911L, 474886424L, 1146307654L, 
-1486795615L, 411128627L, 912095906L, 128340372L, 725721111L, 
947746829L, 924577060L, -880649974L, 490090613L, 1397840847L, 
-1618686762L, -482444160L, 1007395523L, 406850657L, -636785456L, 
960429614L, 1269333977L, -1990238229L, 1850832474L, -1989111780L, 
1710828831L, -702427787L, 955431948L, 1506156002L, 1069964989L, 
-92784329L, -1789911586L, -131534056L, -1836434821L, -1608976359L, 
-1540132696L, 437695062L, 371654353L, 1550290563L, 1375044882L, 
620949668L, 1294921831L, -1013825091L, -2039624908L, -1702444902L, 
-281295131L, 1395617919L, -1373902330L, -2143300208L, 2052991027L, 
1222510545L, -103314048L, 962560094L, -1621020759L, -1967049125L, 
-108557718L, 2080225036L, 1249411407L, 560486917L, -726488900L, 
-1976794734L, 943118989L, 906856647L, 2001714606L, 478128136L, 
-1618461685L, 1467783401L, 1305950136L, 2064257126L, 1472979201L, 
1971795859L, -1937094590L, 1089527796L, 711801335L, 1013247469L, 
1288633988L, 1514021034L, 1699753493L, 1857163951L, -1829787466L, 
-123459872L, 1040603683L, -484358847L, -548014032L, -1106206130L, 
-2097133895L, 1971995339L, -1637125254L, 1044980348L, -927787329L, 
597335957L, -1444800596L, 829056386L, 1209928541L, -354630057L, 
-2064968386L, 1767130488L, -1773373861L, -807534151L, -1078688760L, 
-1520795978L, -897716751L, -2128862173L, -1212351374L, 670899908L, 
-377964409L, 360111197L, 416957012L, 1536104570L, -426411067L, 
-248460001L, 223698086L, 492080688L, -1459899181L, 1663597297L, 
1966139936L, 1733921982L, 1950374089L, 1810564136L, 1513435404L, 
1865202620L, 104832306L, 1658374080L, 23049780L, -1326677048L, 
-554877766L, -423616624L, 2130477548L, -1228303276L, 761186962L, 
-227661024L, -711087668L, 1042822112L, -1915089214L, 1106220584L, 
-1760293204L, -765346116L, -131546638L, 322793776L, 883525796L, 
-900138312L, 943552346L, -1611231856L, -354771588L, -976500460L, 
1217922370L, -1554427136L, -1736866884L, -1329319088L, 376544546L, 
-466007736L, -1689756660L, -489860004L, 226936018L, -1509510144L, 
924854100L, -1171187224L, -1918508038L, -918773040L, -311112404L, 
-544193292L, -543075438L, -1092168608L, -524895988L, 974598880L, 
1221655906L, -717916504L, -521773492L, -62975108L, 1111056178L, 
2121009776L, 167932228L, -620566568L, -845958022L, -837563856L, 
-229910852L, 1444104020L, 1434809922L, 1083168672L, -541244228L, 
-392916528L, 2124706146L, -1224257560L, 33977292L, 1528788732L, 
-1569115150L, 739331200L, -642807564L, -490020728L, -1957596870L, 
-1316615344L, 1601294444L, 977988756L, 181310802L, 203815648L, 
20905164L, 1825793184L, 1810875778L, 1376113896L, 1680991468L, 
-1860294596L, 1306422386L, 207277168L, -372829660L, -1006635464L, 
1621467674L, -925528880L, -2132177348L, -493238124L, 1615328386L, 
-767315008L, -410515140L, 1430163088L, 217797666L, 2002337800L, 
1371767948L, 1660058652L, 1070338194L, -909337472L, 2021526548L, 
2119771944L, 1666797626L, 1285052624L, 992936044L, 1634539188L, 
1293712402L, 893473760L, 87827404L, -2080126496L, -861022174L, 
-939389656L, 1672462604L, 590119484L, 1859168498L, -1973048080L, 
606248772L, -1931264936L, 1197801018L, -1217718032L, -1906440516L, 
-2043387372L, 27845826L, 1496504928L, -1548328580L, -1853694768L, 
1786736674L, 1902851240L, 1665446284L, -1421987396L, -56316878L, 
-1901818048L, -1624765772L, -1014497976L, -1558481222L, -157619440L, 
1441011948L, -1874645932L, -1628441838L, 1085107616L, -467925044L, 
807951200L, -1506964286L, 1503883816L, 1537449388L, -1901112516L, 
1014366066L, -662548688L, 257109028L, -60403144L, -1926392102L, 
2073281424L, -2081603332L, 657688980L, 2035837762L, 535605760L, 
-1129982916L, -129791408L, 474879138L, 2064668488L, 1322067468L, 
1599784668L, -375930798L, 228933760L, 915645268L, -592920L, 1663697658L, 
1260334928L, -1486696404L, -224235148L, 1250212498L, -1920495008L, 
1411083404L, 1571855712L, 526663906L, -1036580696L, 1280451276L, 
-266443268L, 862730162L, 752041968L, 368713156L, -1798538920L, 
685714810L, -1234063952L, 1317132732L, -1439823276L, 2041421250L, 
639400736L, -1056531524L, -817519536L, -2032662558L, 1438837608L, 
-876873908L, 412015356L, 2010796786L, 1011556608L, 1806451828L, 
1163049480L, 304026042L, 246454736L, 1937740780L, -292464748L, 
-667454254L, 749736032L, 479537484L, 97685280L, -1436233086L, 
539759080L, -1647578132L, 1835048508L, -1803845006L, 595003248L, 
468082980L, 1997786680L, 388996506L, -364562992L, 1049285052L, 
1161456276L, -305146238L, -1676609088L, 2027609916L, 1876133520L, 
711947042L, -15872504L, 1210701580L, -535060580L, 1268270657L, 
-1708588346L, 201733124L, -47299659L, 1703451807L, -1827866376L, 
-230133546L, 1986574691L, -1475652315L, -1849740606L, -1140883536L, 
-24181799L, -964080309L, 1333685180L, 891646954L, 288650271L, 
1039921833L, 1206695486L, -1080972500L, 784983421L, 2111384519L, 
-304915792L, -2026895154L, -488250885L, -640208291L, 1816341898L, 
-1585220184L, -1392501999L, -1541654013L, 10226948L, -448165582L, 
-1607592057L, -176831023L, 139048790L, -1134246604L, -1357001659L, 
-1947700081L, -961617400L, -954835418L, 1783277267L, -1810933707L, 
893319058L, -1306458272L, 1549550281L, -812890629L, 887648716L, 
1885370458L, -1428945585L, -1538765799L, 236786222L, -1832153028L, 
-1668893267L, 700778071L, -2027325536L, -65563394L, 1119299531L, 
-1400852019L, 35669242L, 430786360L, -853928735L, 240105363L, 
1939303348L, -2042896190L, -605965097L, -1721720543L, -2077382426L, 
1020337636L, 2107799829L, 431878463L, 2115149016L, -1224600330L, 
1217261315L, -1061697467L, -391174046L, 374775760L, -1541348103L, 
825601579L, -1759807076L, 1151912394L, -760919361L, 539753481L, 
-757957346L, -1467293492L, -1482701667L, 329881895L, 910713680L, 
-490160658L, -1973777765L, -2135565059L, 817775594L, -1790716792L, 
-797005263L, -1497342813L, 1320222884L, 1119875410L, -268317529L, 
1611147505L, -1078624202L, 922181844L, -1047358363L, -585445777L, 
-978112344L, 955047430L, -1394852045L, 793312149L, -880439310L, 
1913220160L, -2000939607L, 1793457179L, -1073792532L, -389701126L, 
65127983L, -927915463L, -313066418L, 1561355420L, -490547699L, 
-613770633L, -665802112L, -870760226L, -486356053L, -453040979L, 
645183770L, -457347624L, -168077759L, 711904499L, 516446996L, 
-752010590L, -814312521L, 16764801L, -92588666L, -980969532L, 
456817397L, -1458368673L, 431133112L, -476206954L, 1531104931L, 
-494505883L, -1498495614L, -197757200L, 1171303065L, 106876555L, 
781807484L, 1160454570L, 1693100511L, 1010515817L, -427292802L, 
